 1  70 125
 2  80 120
 3  90 120
 4  80 105
 5  95 110
 6  85  55
 7 105  60
 8 110  75
 9 115  75
10 120  30
11 110  40
12 105  50
13 110  30
14 130  25
15 130  15
16  75  10
17  70  25
18 100  45
19  70  50
20  40  30
21  65  20
22  77   5
23  25  35
24  20  20
25  15  20
26  10  40
27  45  35
28  75  60
29  50  55
30  40  55
31  35  65
32  20  65
33  40  40
34  20  40
35  10  90
36  45  70
37  60  70
38  70  80
39  80  75
40  50 110
41  30 110
42  60  90
43  25  85
44  20  85
45  35 130
46  60 130
47  70 115

